function P = getmasP(a1,a2,b1,b2,L01,L02,L12,T);
F01=1-exp(-L01*T);
F02=1-exp(-L02*T);
F12=1-exp(-L12*T);
Fto=0.0;
P = [ 0      (1-F02)*F01     ((1-b1)*F02)   ((1-a1)*(1-F02)*(1-F01))            0                  (b1*F02)                 0     (a1*(1-F02)*(1-F01));
      0           0          ((1-b1)*F12)             0                  ((1-a1)*(1-F12))          (b1*F12)                 0       (a1*(1-F12));
      1           0                0                  0                         0                      0                    0               0;
(1-a2)*(1-Fto)    0           (1-b2)*Fto              0                         0                    b2*Fto                 0           a2*(1-Fto);
(1-a2)*(1-Fto)    0           (1-b2)*Fto              0                         0                    b2*Fto                 0           a2*(1-Fto);
      0           0                0                  0                         0                      0                    1               0;
      0           0              1-b2                 0                         0                      b2                   0               0; 
      1           0                0                  0                         0                      0                    0               0; ];



